8.544286543808700571e+02
8.442590913408999995e+02
8.340895283009299419e+02
8.239199652609599980e+02
8.137504022209900540e+02
8.035808391810199964e+02
7.934112761410499388e+02
7.832417131010799949e+02
7.730721500611100510e+02
7.629025870211399933e+02
7.527330239811699357e+02
7.425634609411999918e+02
7.323938979012300479e+02
7.222243348612599902e+02
7.120547718212899326e+02
7.018852087813199887e+02
6.917156457413500448e+02
6.815460827013799872e+02
6.713765196614099295e+02
6.612069566214399856e+02
6.510373935814700417e+02
6.408678305414999841e+02
6.306982675015299264e+02
6.205287044615599825e+02
6.103591414215900386e+02
6.001895783816199810e+02
5.900200153416499234e+02
5.798504523016799794e+02
5.696808892617100355e+02
5.595113262217399779e+02
5.493417631817699203e+02
5.391722001417999763e+02
5.290026371018300324e+02
5.188330740618599748e+02
5.086635110218899172e+02
4.984939479819199732e+02
4.883243849419500293e+02
4.781548219019799717e+02
4.679852588620099141e+02
4.578156958220399702e+02
4.476461327820700262e+02
4.374765697420999686e+02
