-3.557143449783325195e+00
4.060938954353332520e-02
-8.337413072586059570e-01
2.769272089004516602e+00
-6.183360815048217773e-01
-1.749935746192932129e+00
5.404114723205566406e-01
-1.961284399032592773e+00
-2.086775779724121094e+00
-1.189630508422851562e+00
-1.164086818695068359e+00
4.262455940246582031e+00
1.252195167541503906e+01
8.824018478393554688e+00
9.276807785034179688e+00
8.321495056152343750e+00
1.381137752532958984e+01
1.408081436157226562e+01
1.097440147399902344e+01
1.524157428741455078e+01
1.119169712066650391e+01
9.312200546264648438e+00
1.201244449615478516e+01
1.449629592895507812e+01
1.527612400054931641e+01
1.759740447998046875e+01
1.389061069488525391e+01
9.328682899475097656e+00
6.491939544677734375e+00
1.753659009933471680e+00
1.842141747474670410e+00
-6.844925284385681152e-01
-3.645097017288208008e-01
-8.555324077606201172e-01
1.428667068481445312e+00
-9.279704093933105469e-02
9.571095108985900879e-01
-7.446160912513732910e-01
-1.776125192642211914e+00
-9.294962882995605469e-01
1.701973080635070801e+00
-1.721217036247253418e-01
